{"smp":"40-072-034B","barrio":"Caballito","direcciones":"AV. JUAN BAUTISTA ALBERDI 557","estado":"ok","error":null,"flags":["contrafrente_v3_no_validado"],"metodo":"frente_derivado","calle_frente":"ALBERDI, JUAN BAUTISTA AV.","centro":[-58.435585316996914,-34.62287301070485],"bbox":[-58.435655240594535,-34.623028733925906,-58.43551417719166,-34.62271502029056],"caras":{"frente":{"az":173.074098740051,"orient":"S","confianza":"media","en_validacion":false,"horas":{"3":{"2026-12-21":{"h":5.67,"iv":["06:20-10:20","17:10-18:50"]},"2026-03-21":{"h":0.33,"iv":["07:30-07:50"]},"2026-06-21":{"h":0.0,"iv":[]},"2026-09-21":{"h":0.33,"iv":["07:20-07:40"]}},"6":{"2026-12-21":{"h":5.83,"iv":["06:10-10:20","17:10-18:50"]},"2026-03-21":{"h":0.33,"iv":["07:30-07:50"]},"2026-06-21":{"h":0.0,"iv":[]},"2026-09-21":{"h":0.33,"iv":["07:20-07:40"]}},"9":{"2026-12-21":{"h":5.83,"iv":["06:10-10:20","17:10-18:50"]},"2026-03-21":{"h":0.33,"iv":["07:30-07:50"]},"2026-06-21":{"h":0.0,"iv":[]},"2026-09-21":{"h":0.33,"iv":["07:20-07:40"]}},"12":{"2026-12-21":{"h":6.0,"iv":["06:10-10:20","17:10-19:00"]},"2026-03-21":{"h":0.33,"iv":["07:30-07:50"]},"2026-06-21":{"h":0.0,"iv":[]},"2026-09-21":{"h":0.33,"iv":["07:20-07:40"]}},"15":{"2026-12-21":{"h":6.17,"iv":["06:10-10:20","17:10-19:10"]},"2026-03-21":{"h":0.33,"iv":["07:30-07:50"]},"2026-06-21":{"h":0.0,"iv":[]},"2026-09-21":{"h":0.33,"iv":["07:20-07:40"]}},"18":{"2026-12-21":{"h":6.17,"iv":["06:10-10:20","17:10-19:10"]},"2026-03-21":{"h":0.33,"iv":["07:30-07:50"]},"2026-06-21":{"h":0.0,"iv":[]},"2026-09-21":{"h":0.33,"iv":["07:20-07:40"]}},"21":{"2026-12-21":{"h":6.17,"iv":["06:10-10:20","17:10-19:10"]},"2026-03-21":{"h":0.33,"iv":["07:30-07:50"]},"2026-06-21":{"h":0.0,"iv":[]},"2026-09-21":{"h":0.33,"iv":["07:20-07:40"]}},"24":{"2026-12-21":{"h":6.33,"iv":["06:10-10:20","17:10-19:20"]},"2026-03-21":{"h":0.33,"iv":["07:30-07:50"]},"2026-06-21":{"h":0.0,"iv":[]},"2026-09-21":{"h":0.33,"iv":["07:20-07:40"]}},"27":{"2026-12-21":{"h":6.5,"iv":["06:10-10:20","17:10-19:30"]},"2026-03-21":{"h":0.33,"iv":["07:30-07:50"]},"2026-06-21":{"h":0.0,"iv":[]},"2026-09-21":{"h":0.33,"iv":["07:20-07:40"]}},"30":{"2026-12-21":{"h":6.5,"iv":["06:10-10:20","17:10-19:30"]},"2026-03-21":{"h":0.33,"iv":["07:30-07:50"]},"2026-06-21":{"h":0.0,"iv":[]},"2026-09-21":{"h":0.33,"iv":["07:20-07:40"]}}}},"contrafrente":{"az":353.074098740051,"orient":"N","confianza":"media","en_validacion":true,"horas":{"3":{"2026-12-21":{"h":1.5,"iv":["12:20-13:50"]},"2026-03-21":{"h":1.5,"iv":["13:40-15:10"]},"2026-06-21":{"h":2.33,"iv":["14:00-16:20"]},"2026-09-21":{"h":1.5,"iv":["13:30-15:00"]}},"6":{"2026-12-21":{"h":1.5,"iv":["12:20-13:50"]},"2026-03-21":{"h":1.5,"iv":["13:40-15:10"]},"2026-06-21":{"h":2.33,"iv":["14:00-16:20"]},"2026-09-21":{"h":1.5,"iv":["13:30-15:00"]}},"9":{"2026-12-21":{"h":1.83,"iv":["12:10-14:00"]},"2026-03-21":{"h":1.5,"iv":["13:40-15:10"]},"2026-06-21":{"h":2.33,"iv":["14:00-16:20"]},"2026-09-21":{"h":1.5,"iv":["13:30-15:00"]}},"12":{"2026-12-21":{"h":2.17,"iv":["12:00-14:10"]},"2026-03-21":{"h":1.5,"iv":["13:40-15:10"]},"2026-06-21":{"h":2.33,"iv":["14:00-16:20"]},"2026-09-21":{"h":1.5,"iv":["13:30-15:00"]}},"15":{"2026-12-21":{"h":2.67,"iv":["11:40-14:20"]},"2026-03-21":{"h":1.5,"iv":["13:40-15:10"]},"2026-06-21":{"h":2.33,"iv":["14:00-16:20"]},"2026-09-21":{"h":1.5,"iv":["13:30-15:00"]}},"18":{"2026-12-21":{"h":3.33,"iv":["11:20-14:40"]},"2026-03-21":{"h":1.5,"iv":["13:40-15:10"]},"2026-06-21":{"h":2.33,"iv":["14:00-16:20"]},"2026-09-21":{"h":1.5,"iv":["13:30-15:00"]}},"21":{"2026-12-21":{"h":4.67,"iv":["10:40-15:20"]},"2026-03-21":{"h":1.83,"iv":["11:30-11:50","13:40-15:10"]},"2026-06-21":{"h":2.33,"iv":["14:00-16:20"]},"2026-09-21":{"h":1.67,"iv":["11:20-11:30","13:30-15:00"]}},"24":{"2026-12-21":{"h":5.83,"iv":["10:20-16:10"]},"2026-03-21":{"h":4.83,"iv":["10:30-13:20","13:40-15:40"]},"2026-06-21":{"h":2.33,"iv":["14:00-16:20"]},"2026-09-21":{"h":4.67,"iv":["10:20-13:00","13:30-15:30"]}},"27":{"2026-12-21":{"h":6.33,"iv":["10:20-16:40"]},"2026-03-21":{"h":8.0,"iv":["08:10-16:10"]},"2026-06-21":{"h":3.0,"iv":["14:00-17:00"]},"2026-09-21":{"h":7.83,"iv":["08:00-15:50"]}},"30":{"2026-12-21":{"h":6.83,"iv":["10:20-17:10"]},"2026-03-21":{"h":8.83,"iv":["07:50-16:40"]},"2026-06-21":{"h":3.0,"iv":["14:00-17:00"]},"2026-09-21":{"h":8.83,"iv":["07:40-16:30"]}}}}}}